# Created by Octave 3.2.4, Sat Jun 29 22:55:46 2013 CEST <timo@timo-eee>
# name: J01
# type: scalar
1.362320627388981e-20
# name: J02
# type: scalar
9.754053599647729e-12
# name: Jsc
# type: matrix
# rows: 6
# columns: 1
 0.02834280512153464
 0.02479042032348846
 0.01934682654435588
 0.0155130658763734
 0.008613228095069505
 0.00749304496778266
# name: T
# type: scalar
293
# name: Voc
# type: matrix
# rows: 6
# columns: 1
 1.05243258769328
 1.04835263216562
 1.04050764217131
 1.03361123681107
 1.01249461464411
 1.00703701276117
# name: ans
# type: matrix
# rows: 150
# columns: 2
 -0.10045695304871 0.02833165785736371
 -0.09252405166626 0.02833609556142557
 -0.0843096256256112 0.02834334566763711
 -0.0763338088989258 0.02835218459095856
 -0.06835098266601559 0.02835899534334536
 -0.0606149196624756 0.02836765721936516
 -0.0527446746826172 0.02836840688603134
 -0.0448491096496582 0.02836921569648165
 -0.036978578567505 0.02836453335222206
 -0.0291385173797608 0.0283582533576901
 -0.0212626934051515 0.02835112269119814
 -0.0134020328521729 0.02834294011026
 -0.00552964210510252 0.02833116435241155
 0.00231914520263688 0.02832418384968309
 0.0101819515228273 0.02831858708107279
 0.0180315971374513 0.02831670446529526
 0.0259021282196046 0.02832122205187072
 0.0337539196014404 0.02832789531416206
 0.0416260242462158 0.02833433737802474
 0.0494809627532958 0.02834380537614103
 0.0573543548583984 0.02834558737067546
 0.0652055740356446 0.02834486996425505
 0.0730796813964846 0.02834640117378289
 0.08094034194946299 0.02834389409181691
 0.0888233184814462 0.02833777386231217
 0.0966794013977066 0.02833500869837938
 0.104561376571657 0.02833177652898227
 0.112421321868898 0.0283269071521066
 0.120294284820558 0.02832749705374578
 0.128146076202394 0.0283299818607798
 0.136022901535034 0.02833234876429609
 0.143900871276856 0.02833615854571464
 0.151776552200318 0.02834057551104681
 0.159650373458862 0.02834271620879134
 0.167525768280028 0.02833912034352701
 0.175405883789062 0.02833706298475093
 0.183261537551878 0.02833042659131216
 0.191141366958616 0.02832241145641216
 0.198999309539794 0.02831406219753712
 0.20687870979309 0.02831619329401815
 0.214732360839844 0.02831628200969423
 0.222604322433472 0.02832296986590619
 0.230458402633668 0.02832752432133402
 0.238334941864014 0.02833350168403567
 0.246192312240602 0.02833382620674722
 0.254067277908326 0.02833922365312412
 0.261925077438356 0.02834311446920804
 0.269800901412966 0.02835055468044021
 0.27766242027283 0.02835400345434536
 0.285538959503176 0.02835875454365278
 0.29340376853943 0.02835442360564289
 0.301286745071412 0.0283525678734035
 0.30914912223816 0.02834913407746969
 0.317024517059326 0.02834811864782536
 0.32488260269165 0.02834578362050433
 0.332754707336426 0.02834961298850083
 0.340610074996948 0.02834890748764742
 0.348481893539428 0.02834933263160206
 0.356333541870118 0.02834723609967031
 0.364210081100464 0.02834479545844907
 0.372071599960328 0.02833971254946969
 0.379955434799196 0.02833728419786578
 0.387813806533814 0.02833217901395464
 0.395700359344482 0.02832522577881505
 0.403556156158448 0.02831872956382557
 0.411428117752076 0.02831127245436928
 0.419277620315552 0.02830152179505114
 0.427152585983278 0.02829557630854495
 0.43500294685364 0.02829558590980866
 0.442876768112184 0.02830288594259134
 0.450731563568116 0.02831707776242639
 0.458606386184694 0.02832889807013835
 0.466461467742922 0.0283375941266567
 0.474338722229006 0.02833991456005691
 0.482218551635744 0.02833914492276227
 0.490098810195924 0.02833141475336763
 0.497975635528566 0.02832795138554165
 0.505853462219238 0.02832472420880165
 0.5137288570404041 0.0283265111959934
 0.521584367752074 0.02832740603376619
 0.529459047317504 0.02832697359285113
 0.537315130233762 0.02832570545794743
 0.545190095901488 0.02832447649619959
 0.553044748306274 0.02832585293335712
 0.560917568206788 0.02832287654162371
 0.568773794174196 0.02832409052540021
 0.576649761199954 0.02832437088229897
 0.584510135650638 0.02832643284968165
 0.5923886775970481 0.0283259581632066
 0.600251770019532 0.02832488896648598
 0.608128309249878 0.02832273597912392
 0.615984964370728 0.0283188497716466
 0.623858070373534 0.02831224563845361
 0.6317120075225821 0.02830301152712
 0.639583253860474 0.0282961047620965
 0.647438049316406 0.02828831544891773
 0.655314016342162 0.02827839772761176
 0.663169527053832 0.02826768578977608
 0.671049499511718 0.02825460963677794
 0.6789121627807601 0.02823839463866536
 0.686790990829466 0.02822346275342784
 0.694650077819822 0.02820402326692928
 0.702529621124266 0.02817983998808351
 0.710385847091674 0.02815300906477196
 0.718259954452514 0.02812065779890907
 0.726116609573364 0.02807802050726619
 0.733992576599122 0.02803223668949794
 0.741847372055054 0.02798223023597402
 0.749719762802124 0.0279214899537334
 0.757570838928222 0.02785381103027402
 0.765449094772338 0.02777920537116289
 0.77330732345581 0.02769246025833588
 0.781184148788452 0.02758746275924846
 0.789046382904052 0.02747464176648371
 0.796927642822266 0.02734493483930206
 0.804802465438844 0.02719796829652227
 0.812674856185914 0.02703576762072495
 0.820548391342164 0.02686189411262557
 0.828417491912844 0.02667135089056701
 0.83628787994385 0.0264596645337866
 0.844137668609622 0.02623042399463897
 0.852008628845218 0.02597529384006866
 0.859867000579838 0.02569334543585484
 0.867746829986576 0.02537558777465959
 0.875606775283816 0.02502487166368783
 0.883483886718752 0.02462902807733134
 0.891342115402222 0.02419101612504907
 0.8992139339447019 0.0237032558012101
 0.907065725326538 0.0231671949763734
 0.914936256408692 0.02257696651034433
 0.922789335250854 0.02193289953444103
 0.93066143989563 0.02123273813575505
 0.938513231277466 0.02047671274461382
 0.9463849067687981 0.01965304261051196
 0.954236984252928 0.01876531918213237
 0.9621130943298341 0.01780574085667897
 0.969968032836914 0.01677246899216145
 0.97784285545349 0.01565757697733114
 0.985695791244498 0.01446573237050144
 0.993567037582388 0.01318383674374268
 1.00141496658323 0.01181402609018031
 1.00928292274474 0.0103433054835067
 1.0171299934387 0.008768172286727433
 1.02499480247496 0.007072423887360403
 1.0328411579132 0.005252346210583103
 1.04070482254028 0.003281305387019
 1.0485454559326 0.001149359002112217
 1.05640940666198 -0.001181625034834835
 1.0642232894897 -0.003462701109220691
 1.0721426010132 -0.006257839227106774
# name: cA
# type: matrix
# rows: 6
# columns: 7
 27.4925209678886 27.4925209678886 1052.43258769328 12316.9547224969 1631.28004210793 3.94552543197148e-22 3.92754546977065e-11
 24.0467077137838 24.0467077137838 1048.35263216562 3470.77559195464 1514.74725195557 -1.50161516130678e-22 3.71736367272764e-11
 18.7664217480252 18.7664217480252 1040.50764217131 4136.72274033125 1548.36715841629 -2.10937242205242e-22 3.37645535490693e-11
 15.0476739000822 15.0476739000822 1033.61123681107 100000000 1415.11314476191 6.48920810453882e-22 3.09371745189241e-11
 8.354831252217419 8.354831252217419 1012.49461464411 100000000 1041.75832473793 8.15470574341816e-22 2.58424985206586e-11
 7.26825361874918 7.26825361874918 1007.03701276117 100000000 1263.1034030297 8.7616098671164e-22 2.49845927746115e-11
# name: compare_meas_dd
# type: matrix
# rows: 6
# columns: 2
 1.05243258769328 1.064971813215973
 1.04835263216562 1.061590599075421
 1.04050764217131 1.055330695468862
 1.03361123681107 1.049754607597625
 1.01249461464411 1.034898639887793
 1.00703701276117 1.031380880124963
# name: compare_meas_lin
# type: matrix
# rows: 6
# columns: 2
 1.05243258769328 1.03546633150168
 1.04835263216562 1.030966965728585
 1.04050764217131 1.022636941268595
 1.03361123681107 1.015216867538371
 1.01249461464411 0.9954481006796025
 1.00703701276117 0.9907670341900384
