# Created by Octave 3.6.4, Sun Jun 30 16:52:52 2013 CEST <timo@timo-AMS>
# name: Jeric
# type: matrix
# rows: 150
# columns: 1
 -0.02752834312912624
 -0.02753278088246636
 -0.02754003103975154
 -0.02754887001269462
 -0.02755568081471094
 -0.02756434273886229
 -0.02756509245435345
 -0.02756590131378681
 -0.02756121901825868
 -0.02755493907224119
 -0.02754780845447058
 -0.02753962592214129
 -0.02752785021291141
 -0.02752086975873925
 -0.02751527303879646
 -0.02751339047166997
 -0.02751790810713828
 -0.02752458141824404
 -0.02753102353104308
 -0.02754049157804234
 -0.02754227362143937
 -0.0275415562637002
 -0.02754308752209067
 -0.02754058048883309
 -0.02753446030811178
 -0.02753169519285448
 -0.02752846307228525
 -0.02752359374407211
 -0.02752418369455031
 -0.02752666855032529
 -0.02752903550273574
 -0.02753284533308085
 -0.02753726234733603
 -0.02753940309395212
 -0.02753580727746848
 -0.02753374996752934
 -0.02752711362269551
 -0.02751909853652618
 -0.0275107493262402
 -0.02751288047162722
 -0.02751296923601376
 -0.0275196571411655
 -0.02752421164538479
 -0.02753018905704215
 -0.02753051362849136
 -0.02753591112380405
 -0.02753980198869085
 -0.02754724224889995
 -0.0275506910716233
 -0.02755544220986492
 -0.02755111132055716
 -0.02754925563717601
 -0.02754582188994499
 -0.02754480650912662
 -0.02754247153050104
 -0.02754630094738806
 -0.02754559549524183
 -0.02754602068802552
 -0.02754392420475348
 -0.02754148361234028
 -0.02753640075202945
 -0.02753397244927905
 -0.02752886731401655
 -0.02752191412766796
 -0.02751541796128674
 -0.02750796090052212
 -0.02749821028971611
 -0.02749226485194674
 -0.02749227450189912
 -0.02749957458364386
 -0.02751376645244385
 -0.02752558680920336
 -0.02753428291459202
 -0.02753660339688823
 -0.02753583380845136
 -0.02752810368779505
 -0.02752464036876096
 -0.0275214132408232
 -0.02752320027689006
 -0.02752409516339898
 -0.02752366277131568
 -0.02752239468511371
 -0.02752116577218542
 -0.02752254225808221
 -0.0275195659151244
 -0.02752077994764706
 -0.02752106035339806
 -0.02752312236956752
 -0.02752264773194743
 -0.02752157858397552
 -0.02751942564542656
 -0.02751553948660862
 -0.02750893540212937
 -0.02749970133934447
 -0.02749279462301787
 -0.02748500535841849
 -0.02747508768578588
 -0.02746437579648277
 -0.02745129969212744
 -0.02743508474249526
 -0.0274201529058609
 -0.02740071346776402
 -0.02737653023736359
 -0.02734969936230633
 -0.02731734814471181
 -0.02727471090104865
 -0.0272289271313247
 -0.02717892072563973
 -0.02711818049115891
 -0.02705050161520546
 -0.02697589600364734
 -0.02688915093803623
 -0.02678415348595991
 -0.02667133253997857
 -0.02654162565940219
 -0.02639465916288505
 -0.02623245853306813
 -0.02605858507075158
 -0.02586804189415604
 -0.02565635558247586
 -0.02542711508799293
 -0.02517198497776465
 -0.02489003661734456
 -0.02457227899944822
 -0.02422156293107421
 -0.02382571938663071
 -0.02338770747540506
 -0.02289994719183489
 -0.02236388640629618
 -0.02177365797873197
 -0.0211295910402419
 -0.02042942967810444
 -0.01967340432240736
 -0.0188497342226884
 -0.01796201082744904
 -0.01700243253402769
 -0.01596916070012222
 -0.01485426871460082
 -0.01366242413560103
 -0.01238052853521488
 -0.01101071790634958
 -0.009539997322742225
 -0.007964864147087844
 -0.006269115766866878
 -0.004449038106976188
 -0.00247799729780826
 -0.0003460509244013474
 0.001984933104292446
 0.004266009169747929
 0.00706114728683257


# name: Jscm
# type: matrix
# rows: 6
# columns: 1
 0.02834280512153464
 0.02479042032348845
 0.01934682654435587
 0.0155130658763734
 0.008613228095069505
 0.00749304496778266


# name: Jtimo
# type: matrix
# rows: 150
# columns: 1
 0.02885814122548645
 0.02884236438118279
 0.02882602757456421
 0.02881016526536756
 0.02879428906896851
 0.02877890357932632
 0.02876325144013473
 0.0287475489432399
 0.02873189637713455
 0.02871630445023389
 0.02870064142113557
 0.02868500857564578
 0.02866935249521145
 0.02865374322969151
 0.02863810604616381
 0.02862249493745574
 0.02860684212265854
 0.02859122651859477
 0.02857557052029107
 0.02855994857981793
 0.0285442901388925
 0.02852867585768814
 0.02851301599451277
 0.02849738297619818
 0.02848170566676434
 0.02846608174906356
 0.02845040634340545
 0.02843477478594543
 0.02841911718713022
 0.0284035016340872
 0.02838783628544773
 0.02837216860926412
 0.02835650545320099
 0.02834084603696164
 0.02832518362050132
 0.0283095117499574
 0.02829388861996613
 0.02827821741161
 0.02826258970089403
 0.02824691899304837
 0.02823129949536279
 0.02821564334486416
 0.02820002274029743
 0.02818435734541874
 0.02816873012361572
 0.02815306765765132
 0.02813743923746707
 0.02812177471739796
 0.02810613857016929
 0.02809047229957845
 0.02807482934890933
 0.02805914990615293
 0.02804351113831284
 0.02802784601775167
 0.02801221490157125
 0.02799655519941981
 0.02798092828555436
 0.02796526788573996
 0.0279496468310215
 0.0279339752719443
 0.02791833251289343
 0.02790264392901624
 0.02788700451765043
 0.02787130723381116
 0.02785566902408843
 0.02783999617405918
 0.02782436521171135
 0.02780868006516212
 0.02779303984563673
 0.02777734810773131
 0.02776168877099998
 0.02774598333790727
 0.02773031011090821
 0.02771458433859745
 0.02769884361340692
 0.02768309067630677
 0.02766733104966201
 0.02765155374429821
 0.02763576291980263
 0.02761999078963005
 0.02760415544021306
 0.02758832871197465
 0.02757243029572437
 0.02755653371501621
 0.02754055479873764
 0.02752455632615528
 0.02750845558476796
 0.02749231443184478
 0.02747605162057481
 0.02745972250029702
 0.02744325081587647
 0.02742668750518079
 0.02740993397282804
 0.02739304042210783
 0.02737589833448457
 0.02735854641249573
 0.02734086055690138
 0.02732288678436762
 0.02730446661549279
 0.02728563265725674
 0.02726622930536134
 0.02724625786090891
 0.02722551362679175
 0.0272039932612679
 0.0271814458321505
 0.02715781099652064
 0.02713278877326971
 0.0271062889280601
 0.0270779254159543
 0.02704754207499207
 0.0270146003502619
 0.02697888909712263
 0.02693975956779626
 0.02689682303023342
 0.02684924756825684
 0.02679642416239357
 0.02673745885750285
 0.02667130551293555
 0.02659682606511702
 0.02651258472909017
 0.02641724367255085
 0.02630841347498276
 0.02618435062554291
 0.02604192710816203
 0.02587890503364276
 0.02569103984236612
 0.02547514998039432
 0.02522563937953881
 0.02493811984868843
 0.02460475553205895
 0.0242195980101527
 0.02377210446935614
 0.02325436985331963
 0.02265186167915186
 0.02195378638075332
 0.02114000287027066
 0.02019630202971306
 0.01909576509201177
 0.01781870693218297
 0.01632877480427187
 0.01459928013640702
 0.01258013733684807
 0.0102345739092534
 0.007495880013496645
 0.004312292740628881
 0.0005939437900953359
 -0.003727265402608097
 -0.008779839434796603
 -0.0146293393112497
 -0.0215477431474548


# name: Parameric
# type: matrix
# rows: 1
# columns: 5
 4.067551991723176e-22 4.049015948217165e-11 1.681732002173124 12697.89146649165 0.02834280512153464


# name: Voceric
# type: scalar
1.0455


# name: Vocm
# type: matrix
# rows: 6
# columns: 1
 1.05243258769328
 1.04835263216562
 1.04050764217131
 1.03361123681107
 1.01249461464411
 1.00703701276117


# name: Vocmeas
# type: scalar
1.05243


# name: Voctimo
# type: scalar
1.0418


