# Created by Octave 3.2.4, Fri Jun 28 13:04:31 2013 CEST <timo@timo-eee>
# name: AcAr
# type: matrix
# rows: 1
# columns: 5
 0.97 0.97 0.22 0.22 0.22
# name: CellA
# type: matrix
# rows: 6
# columns: 3
 27.4925209678886 27.4925209678886 1052.43258769328
 24.0467077137838 24.0467077137838 1048.35263216562
 18.7664217480252 18.7664217480252 1040.50764217131
 15.0476739000822 15.0476739000822 1033.61123681107
 8.354831252217419 8.354831252217419 1012.49461464411
 7.26825361874918 7.26825361874918 1007.03701276117
# name: CellB
# type: matrix
# rows: 6
# columns: 3
 27.2693486663027 27.2693486663027 1047.72027731362
 23.9387643309506 23.9387643309506 1043.79270101929
 18.5986873195278 18.5986873195278 1035.53793342534
 15.0135577644119 15.0135577644119 1028.21949649194
 8.42305278628448 8.42305278628448 1006.48484470762
 7.27820257513231 7.27820257513231 1000.76305356188
# name: CellC
# type: matrix
# rows: 6
# columns: 3
 27.2117225026733 27.2117225026733 994.27819616693
 23.818492759282 23.818492759282 988.5730242121909
 18.6108594690816 18.6108594690816 977.416589268518
 14.9915136057459 14.9915136057459 966.533699217034
 8.35487730350636 8.35487730350636 932.518284815921
 7.29646408924344 7.29646408924344 923.4304239521711
# name: Celld
# type: matrix
# rows: 6
# columns: 3
 24.8173208787348 24.8173208787348 1038.85855649655
 21.8712237752186 21.87122377521864 1034.02236758598
 16.9774782206626 16.9774782206626 1024.13383968404
 13.7698814986616 13.76988149866156 1015.48533409128
 7.67159470778905 7.67159470778904 988.268960379917
 6.74931505666799 6.749315056668 981.464718710694
# name: Celle
# type: matrix
# rows: 6
# columns: 3
 24.8653843266009 24.86538432660092 1037.39746949841
 21.9052061812291 21.90520618122912 1032.00853613213
 17.1052876069144 17.1052876069144 1022.52619308565
 13.8616836362081 13.86168363620808 1013.85657782112
 7.61509159657121 7.6150915965712 987.676253653781
 6.7299864409981 6.72998644099812 982.2410402884771
# name: Cellf
# type: matrix
# rows: 6
# columns: 3
 21.7337546184804 21.73375461848044 1035.22527645483
 24.8809220119403 24.88092201194024 1040.07488288723
 16.9356159129941 16.93561591299404 1025.80187841327
 13.6664968115537 13.66649681155372 1016.99715943192
 7.63211128366112 7.63211128366112 992.332349918123
 6.59982539763075 6.59982539763076 985.862346020554
# name: J0
# type: matrix
# rows: 1
# columns: 6
 1.134344366495241e-12 5.119437457765653e-12 2.765351478059234e-07 1.470208793151399e-09 5.345330271346489e-10 2.458091639916548e-10
# name: J01
# type: matrix
# rows: 1
# columns: 6
 1.32145100859359e-17 1.415898302034808e-17 4.050056349848385e-19 8.882422622131221e-18 1.061987709394442e-17 1.114210258290176e-17
# name: J02
# type: matrix
# rows: 1
# columns: 6
 9.461431991406495e-09 1.190291707685332e-08 7.514665637906362e-08 2.103995577896116e-08 2.098244597594725e-08 1.830615586487624e-08
# name: T
# type: scalar
293
# name: Voc
# type: matrix
# rows: 1
# columns: 5
 1.05243258769328 1.04772027731362 1.03885855649655 1.03739746949841 1.04007488288723
# name: ans
# type: scalar
2.124799588570314
# name: avbigJ01
# type: scalar
1.368674655314199e-17
# name: avbigJ02
# type: scalar
1.068217453412991e-08
# name: avsmallJ01
# type: scalar
1.02148007663258e-17
# name: avsmallJ02
# type: scalar
2.010951920659489e-08
# name: du
# type: matrix
# rows: 1
# columns: 2
 0.01506595050140427 1.035462460517088
# name: k
# type: scalar
1.3806488e-23
# name: n
# type: matrix
# rows: 1
# columns: 6
 1.330695330314099 1.393455193246928 2.108084805078859 1.719730920371526 1.645277295972027 1.5995484321803
# name: nlJ
# type: matrix
# rows: 1
# columns: 6
 4.722722071209329e-13 2.078839918245241e-12 1.06694257500735e-07 6.180278100862398e-10 3.471531300404335e-10 1.313988305264318e-10
# name: nlN
# type: matrix
# rows: 1
# columns: 6
 1.315529806292664 1.374436777398532 2.036514858781554 1.68603752032952 1.644017373059902 1.587027079758188
# name: q
# type: scalar
1.60217646e-19
# name: r
# type: scalar
0.9124701578489466
