# Created by Octave 3.2.4, Tue May 14 14:51:45 2013 CEST <timo@timo-AMS>
# name: all
# type: matrix
# rows: 218
# columns: 8
 0.205118837391905 0.204569948062127 0.201239773873404 0.199153503244112 0.199153503244112 0.19911666503406 0.200544759643752 0.198349202324638
 0.215633341588618 0.210369156146709 0.206158947227261 0.202830660284444 0.202830660284444 0.204698192738835 0.206634091237927 0.206769683893249
 0.223092324905371 0.220494173912037 0.213514662391545 0.215455399269347 0.215455399269347 0.215423893800551 0.214391564606353 0.216519233932341
 0.236238094012622 0.231949996729436 0.224302193209413 0.225402652543933 0.225402652543933 0.225547500989907 0.222824544633026 0.224852422876673
 0.251061158838069 0.247421111608569 0.240058060901665 0.239433610024578 0.239433610024578 0.237015116335657 0.238862943967561 0.238971425214822
 0.269697164978752 0.265322647436746 0.258169918438222 0.25683261279927 0.25683261279927 0.25683261279927 0.25683261279927 0.257552634040642
 0.286542780549063 0.280518036140949 0.27482782148226 0.272053711473837 0.272053711473837 0.271552317964506 0.272030446815004 0.274540623280115
 0.315009590355516 0.311026654538844 0.299584597650454 0.301932953911642 0.301932953911642 0.299837972931267 0.298111467587927 0.299837972931267
 0.347254899760967 0.337500594613287 0.333643653242836 0.328855392567505 0.328855392567505 0.329364940270255 0.328855392567505 0.330938959159334
 0.376722852475828 0.364828271247237 0.360415401355814 0.356211962969305 0.356211962969305 0.35671614992558 0.354404646649121 0.357556696571565
 0.397455973454217 0.388300241313448 0.381945919549277 0.37728926174294 0.37728926174294 0.374921536971795 0.376539747078249 0.378473124128512
 0.428436769124394 0.41839759743612 0.409415213988005 0.407565676271105 0.407565676271105 0.406999607555285 0.406244849267526 0.406094150884568
 0.456515398045691 0.445895684817091 0.438839431069168 0.434123585031011 0.434123585031011 0.433151787352298 0.434627905143954 0.434915397807141
 0.480583048285536 0.468182758429149 0.457821254968068 0.454933781700351 0.454933781700351 0.455511162359687 0.456835775047049 0.455341310990998
 0.498465115221801 0.487827335231308 0.478535606132533 0.472640182758146 0.472640182758146 0.472511705855942 0.470845806609364 0.471069969237896
 0.518671560318126 0.507879468172041 0.496476934801571 0.492050218522748 0.492050218522748 0.492110753944166 0.491807568136055 0.492353404330858
 0.539161415096239 0.525481662643015 0.515666137608436 0.511627584140829 0.511627584140829 0.510702687603284 0.5097777910657389 0.509375872675078
 0.55140465064008 0.538535839295151 0.527238617300311 0.521917990167258 0.521917990167258 0.521321241747369 0.520396509463114 0.521808662212469
 0.565045884578358 0.553264025351157 0.541123963077855 0.535772495883083 0.535772495883083 0.534538205868805 0.535621446405811 0.535051774091529
 0.578220614653531 0.562452663609847 0.551682916975467 0.546440500624341 0.546440500624341 0.543916977225507 0.545422950866747 0.544792070017038
 0.592401869725936 0.578669544837228 0.564429189855207 0.559577696368685 0.559577696368685 0.557681309226471 0.560039189354213 0.558650832305312
 0.602314759787546 0.58841937453159 0.577024349681575 0.570273376585534 0.570273376585534 0.569482821457186 0.568872439358088 0.568387075279288
 0.612981923851148 0.596094736664351 0.583398022143034 0.578501016295585 0.578501016295585 0.575100607828664 0.576301366192111 0.57505884232037
 0.61790470283643 0.604919086202149 0.5904344942431899 0.5841744563233841 0.5841744563233841 0.5824047409620891 0.582678782706468 0.582087777016782
 0.627533839697817 0.612998996576314 0.596780047118209 0.591573770626135 0.591573770626135 0.589251840434438 0.590225857158966 0.590112745539344
 0.633551392916525 0.6187269145108431 0.604969655058745 0.598841366949923 0.598841366949923 0.59713142509712 0.598485627298728 0.597986396023522
 0.64124221281333 0.627865675384682 0.613065193158434 0.606409675174454 0.606409675174454 0.603897836551489 0.606409675174454 0.603897836551489
 0.653004413894415 0.638087040535932 0.622973779728641 0.616680895435705 0.616680895435705 0.6138922199492109 0.6157721953259599 0.615644324352432
 0.662779751633278 0.647222064175997 0.6309886309330019 0.626297246397706 0.626297246397706 0.625000125176855 0.624629888980085 0.623211081736518
 0.675874880476301 0.659976957689693 0.644435957397827 0.638231950423259 0.638231950423259 0.636102808596989 0.636754687875579 0.636930670494514
 0.688667377758184 0.671974050713508 0.656923001507177 0.65149304241161 0.65149304241161 0.647532115081845 0.649739222581355 0.648718732017065
 0.698142709567255 0.679872202390949 0.664888668418597 0.658850494121652 0.658850494121652 0.655455010110415 0.657720173212452 0.656965118845106
 0.711233171777938 0.6942029509847299 0.678258287355801 0.671477897307715 0.671477897307715 0.6686315664229761 0.669096184889287 0.668733608796418
 0.72102216581527 0.705221966213509 0.689273809058104 0.682565705323197 0.682565705323197 0.678889689483378 0.68107571024073 0.679237702320821
 0.736803595454575 0.719962243925084 0.703219497512685 0.697605042886412 0.697605042886412 0.693286541227637 0.695397495673143 0.6947736673813349
 0.743491677031393 0.727557717717668 0.711577533935971 0.704551414804281 0.704551414804281 0.699730587998739 0.7022093750937179 0.701658533517056
 0.752863652799019 0.73609996182175 0.719334420547463 0.712760315244788 0.712760315244788 0.709451984177751 0.712717758413389 0.71064357545693
 0.759624241970923 0.7441219964375539 0.727054782608676 0.720109236597965 0.720109236597965 0.716805217268062 0.718627756962944 0.71811971958211
 0.772559312667973 0.7553479395304959 0.739406708668693 0.732851468290589 0.732851468290589 0.729491349009206 0.730596493100218 0.730474463192812
 0.7813680743158899 0.764467434098324 0.748038832538344 0.742076238968838 0.742076238968838 0.7373773839808691 0.739588512429561 0.73903531624839
 0.79009111056404 0.772594898157366 0.7550986857506919 0.748669421959418 0.748669421959418 0.745437241204797 0.746729475366319 0.746234916613144
 0.799734708043752 0.78307752931924 0.7667882429978869 0.760965340969747 0.760965340969747 0.756984992490198 0.7594164830371219 0.757794974083706
 0.80495847724527 0.788330699960774 0.771561352606191 0.765663096423 0.765663096423 0.761541172066582 0.76289130347183 0.762181962910132
 0.815383858937103 0.798168110094043 0.78226605353194 0.775005946191149 0.775005946191149 0.7721712128475809 0.773070207565235 0.772032013665493
 0.821967693073142 0.804956874991509 0.788215376062197 0.781356902989497 0.781356902989497 0.778466304757787 0.780079399575873 0.778398622457728
 0.829521284384807 0.812728943418414 0.795215771234983 0.789180873240425 0.789180873240425 0.785179159480186 0.787671804833762 0.786359451816482
 0.836947240918494 0.820219182912742 0.802786842214156 0.796570606614237 0.796570606614237 0.793686273295874 0.794135186310008 0.793237360281739
 0.843318932061634 0.8264308579838781 0.809542783906121 0.803101049397704 0.803101049397704 0.799786395945705 0.801662119901526 0.800161540736869
 0.851567008728381 0.834031343593358 0.816800646547639 0.810691033733331 0.810691033733331 0.8070237283905149 0.8092238553205 0.807879689246211
 0.856461459353461 0.839025646399279 0.8222437856309111 0.816054951872426 0.816054951872426 0.812246054790173 0.8142690633649869 0.813972039280591
 0.86231054105781 0.844449217686732 0.8275730279075491 0.821540604925079 0.821540604925079 0.817539259841949 0.819916958819919 0.818757906581553
 0.8717968807650071 0.853704432521367 0.8371244256946599 0.830693905544345 0.830693905544345 0.826722424760721 0.829055868030726 0.827983673984282
 0.877321507980124 0.859906253635814 0.842182547699071 0.836458770241163 0.836458770241163 0.832704436842052 0.834551274619339 0.833873713589936
 0.877852308845684 0.8615858442227829 0.844422654680424 0.838203271637636 0.838203271637636 0.834675317513949 0.836587912621884 0.834913608051987
