# Created by Octave 3.2.4, Thu Jul 04 05:17:21 2013 CEST <timo@timo-eee>
# name: J
# type: matrix
# rows: 1
# columns: 5
 0.02049 0.018086 0.014216 0.011482 0.006761000000000001
# name: J01
# type: matrix
# rows: 1
# columns: 44
 5.878578555164325e-26 1.652258861780699e-20 2.711853835300861e-20 4.425543416582117e-20 4.56798806696369e-20 1.629138140765625e-19 1.363036743135644e-19 4.315220808191308e-19 7.514408222490736e-20 2.128760375813487e-19 2.624804785818372e-20 3.612329838052742e-20 2.70170029325399e-20 2.956216028209737e-20 1.268551398786829e-19 6.791678905425344e-20 3.213129658095759e-20 4.414638364217794e-20 4.910227859983073e-20 3.667077531859324e-20 2.353196777169548e-19 8.10091189056566e-19 1.112863167774493e-19 1.409630366660683e-19 1.558157151845079e-19 2.103635341995736e-20 3.931236058498461e-19 1.284789380185313e-19 2.172276364805112e-20 2.24574962945941e-20 6.852278486281674e-20 2.976757635632938e-19 4.556439251497659e-20 2.976757635632938e-19 2.596937470595756e-20 2.976775413075017e-19 3.754624957297202e-20 2.976768609815821e-19 1.321211025395311e-20 2.976777358606609e-19 3.42310819975069e-20 3.101285938516027e-20 3.828838109116926e-20 2.943964499195183e-20
# name: J02
# type: matrix
# rows: 1
# columns: 44
 1.580084832667906e-15 1.07928237162066e-11 1.61502562403996e-11 6.564006255335135e-12 1.141127193370447e-11 5.610275204494383e-12 1.532447506951334e-11 7.876477034447278e-16 9.160606476678174e-12 8.46561432677588e-14 5.234819342258065e-12 5.488651989787587e-12 7.646537030254178e-12 5.707842712130014e-12 2.340340757839338e-15 9.173618521950086e-12 4.461605916947689e-12 1.214742563908276e-11 9.303274872825593e-12 9.011767249723118e-12 3.442011611471415e-12 3.149396179754288e-12 1.901850504923885e-11 1.302677043653786e-11 2.422695424019007e-11 9.351393873484178e-12 2.333480645303635e-11 2.033500787606589e-11 9.317940961800087e-12 5.653149996797128e-12 4.217138982256593e-13 1.324450966121266e-15 2.76588270051951e-11 1.324450966121266e-15 2.338064585610571e-11 1.92827132654522e-15 2.452420535860718e-11 1.71193460107912e-15 2.174518430709825e-11 2.043083476497024e-15 3.131189271714781e-16 5.782844677857539e-13 9.923153336194045e-12 4.997886714336819e-12
# name: V
# type: matrix
# rows: 1
# columns: 5
 1.053 1.05 1.044 1.037 1.025
# name: Vocdd
# type: matrix
# rows: 1
# columns: 44
 1.367190042251821 1.055703802230553 1.045114934000194 1.039881156109919 1.040631635414611 1.008032800062644 1.00594408694306 0.98303409983657 1.025852178087795 1.004190548708935 1.04395687413245 1.036812745622528 1.040831732810454 1.041668822656641 1.009319733761066 1.015841716682288 1.038665376000658 1.025810087564184 1.02302419728464 1.037113396268583 1.001053186547482 0.9680304355550075 1.009973277915184 1.015408448264674 1.00822126454959 1.050967944944299 0.9794957248663098 1.000789241061239 1.049950893020457 1.054902019530703 1.031200852332737 0.9679865179919833 1.020810873433106 0.9679865179919833 1.035590689925086 0.96798602465837 1.070397119744209 0.9679862051531217 1.108153488917008 0.9679859432314109 1.050997539630953 1.05310004241033 1.057281514109224 1.047305240707068
# name: Vocm
# type: matrix
# rows: 1
# columns: 44
 1.367 1.056 1.045 1.04 1.041 1.008 1.01 0.985 1.026 1.004 1.044 1.037 1.041 1.042 1.011 1.021 1.039 1.026 1.023 1.037 1.001 0.968 1.01 1.016 1.007 1.051 0.979 1.002 1.05 1.055 1.031 0.968 1.021 0.968 1.036 0.968 1.026 0.968 1.0482 0.968 1.051 1.053 1.039 1.048
# name: Vocsd
# type: matrix
# rows: 1
# columns: 44
 1.367126307779011 1.055839087177542 1.045272337545361 1.039980895434398 1.040770771778373 1.008078471078551 1.009862896033684 0.9850290258706998 1.025946421892821 1.004174134304677 1.044035497436346 1.036882987450168 1.040932610481895 1.04174684170611 1.011190706347469 1.020665675730883 1.038745394529458 1.025942309469214 1.023131265654419 1.037211334547538 1.001066705741797 0.9680356311848818 1.010052800664029 1.015486511872991 1.006981086016619 1.051095253053398 0.9795733564727964 1.00081010704246 1.050079217647217 1.055004097606125 1.031191911600445 0.9679081723758265 1.021013776574669 0.9679081723758265 1.03575884612861 0.9679081723758254 1.025940614893182 0.9679081723758268 1.045924904422147 0.9679081723758244 1.050934376563067 1.053112506201105 1.039249296480807 1.047366326674742
# name: W1438InGaP
# type: cell
# rows: 3
# columns: 1
# name: <cell-element>
# type: matrix
# rows: 1
# columns: 2
 0.008359 1.367
# name: <cell-element>
# type: matrix
# rows: 1
# columns: 3
 1.045696288730077 6.481400875910223e-25 1.367126307779011
# name: <cell-element>
# type: matrix
# rows: 1
# columns: 4
 5.878578555164325e-26 1.580084832667906e-15 44978500.59482708 1.367190042251821

# name: W1623C
# type: cell
# rows: 3
# columns: 1
# name: <cell-element>
# type: matrix
# rows: 1
# columns: 2
 0.020931 1.056
# name: <cell-element>
# type: matrix
# rows: 1
# columns: 3
 1.345651333566439 1.12489428093892e-15 1.055839087177542
# name: <cell-element>
# type: matrix
# rows: 1
# columns: 4
 1.652258861780699e-20 1.07928237162066e-11 2.519347448134662e+18 1.055703802230553

# name: W1623FARC
# type: cell
# rows: 3
# columns: 1
# name: <cell-element>
# type: matrix
# rows: 1
# columns: 2
 0.02394 1.045
# name: <cell-element>
# type: matrix
# rows: 1
# columns: 3
 1.371639641421181 3.09849420400072e-15 1.045272337545361
# name: <cell-element>
# type: matrix
# rows: 1
# columns: 4
 2.711853835300861e-20 1.61502562403996e-11 1.085790206484395e+18 1.045114934000194

# name: W1628B
# type: cell
# rows: 3
# columns: 1
# name: <cell-element>
# type: matrix
# rows: 1
# columns: 2
 0.021156 1.04
# name: <cell-element>
# type: matrix
# rows: 1
# columns: 3
 1.14420294428106 8.992680122835008e-18 1.039980895434398
# name: <cell-element>
# type: matrix
# rows: 1
# columns: 4
 4.425543416582117e-20 6.564006255335135e-12 4.413620000473616e+26 1.039881156109919

# name: W1628FARC
# type: cell
# rows: 3
# columns: 1
# name: <cell-element>
# type: matrix
# rows: 1
# columns: 2
 0.025344 1.041
# name: <cell-element>
# type: matrix
# rows: 1
# columns: 3
 1.221058329652766 9.747664863736853e-17 1.040770771778373
# name: <cell-element>
# type: matrix
# rows: 1
# columns: 4
 4.56798806696369e-20 1.141127193370447e-11 2.092231527778437e+16 1.040631635414611

# name: W1657A
# type: cell
# rows: 3
# columns: 1
# name: <cell-element>
# type: matrix
# rows: 1
# columns: 2
 0.020064 1.008
# name: <cell-element>
# type: matrix
# rows: 1
# columns: 3
 1.066223958310794 2.054416007337208e-18 1.008078471078551
# name: <cell-element>
# type: matrix
# rows: 1
# columns: 4
 1.629138140765625e-19 5.610275204494383e-12 8.872071244570285e+16 1.008032800062644

# name: W1657B
# type: cell
# rows: 3
# columns: 1
# name: <cell-element>
# type: matrix
# rows: 1
# columns: 2
 0.020313 1.01
# name: <cell-element>
# type: matrix
# rows: 1
# columns: 3
 1.05420294098 1.279641697787194e-18 1.009862896033684
# name: <cell-element>
# type: matrix
# rows: 1
# columns: 4
 1.363036743135644e-19 1.532447506951334e-11 735.8771414971543 1.00594408694306

# name: W1660B
# type: cell
# rows: 3
# columns: 1
# name: <cell-element>
# type: matrix
# rows: 1
# columns: 2
 0.018976 0.985
# name: <cell-element>
# type: matrix
# rows: 1
# columns: 3
 0.9279387160761789 2.116920803421436e-20 0.9850290258706998
# name: <cell-element>
# type: matrix
# rows: 1
# columns: 4
 4.315220808191308e-19 7.876477034447278e-16 1267.970535474067 0.98303409983657

# name: W1662B
# type: cell
# rows: 3
# columns: 1
# name: <cell-element>
# type: matrix
# rows: 1
# columns: 2
 0.021123 1.026
# name: <cell-element>
# type: matrix
# rows: 1
# columns: 3
 1.152152126455873 1.84192826588233e-17 1.025946421892821
# name: <cell-element>
# type: matrix
# rows: 1
# columns: 4
 7.514408222490736e-20 9.160606476678174e-12 4.572045946027973e+16 1.025852178087795

# name: W1664B
# type: cell
# rows: 3
# columns: 1
# name: <cell-element>
# type: matrix
# rows: 1
# columns: 2
 0.020491 1.004
