# Created by Octave 3.2.4, Thu Jun 27 17:20:35 2013 CEST <timo@timo-AMS>
# name: AAoverP
# type: matrix
# rows: 1
# columns: 7
 0.04248555555555555 0.04964926940239741 0.07108208333333334 0.08823531999999999 0.1568656666666667 0.1911552515525155 0.24264925
# name: ActArea
# type: matrix
# rows: 1
# columns: 7
 0.0955925 0.1134883 0.170597 0.2205883 0.470597 0.6371778 0.970597
# name: AoverP
# type: matrix
# rows: 1
# columns: 7
 0.05555555555555555 0.06251640563478869 0.08333333333333334 0.1 0.1666666666666667 0.1999819998199982 0.25
# name: Area
# type: matrix
# rows: 1
# columns: 7
 0.125 0.1429 0.2 0.25 0.5 0.6666 1
# name: CellA
# type: matrix
# rows: 6
# columns: 3
 1.74942866341427 18.30089874638983 974.046065419931
 1.58353374444252 16.56546009825583 969.653856879833
 1.23504895632111 12.91993573053441 960.142289079436
 1.0062062375844 10.52599563338546 952.507511508197
 0.598458064114702 6.260512740170014 931.952869072546
 0.52268046699486 5.46779786065706 927.300050701296
# name: CellB
# type: matrix
# rows: 6
# columns: 3
 2.11758025113861 18.65901816432716 974.326195725658
 1.89835501836336 16.7273191894086 970.273529421469
 1.49357419978944 13.16060069442788 960.309289762032
 1.22193735002073 10.76707775180992 952.095392815005
 0.701712007101175 6.183122023161639 928.483168052718
 0.609483559397125 5.370452807885262 921.94435256726
# name: CellC
# type: matrix
# rows: 6
# columns: 3
 4.26028928495267 19.31330575988241 990.735294879677
 3.82647506999375 17.34668189561165 986.090163325362
 2.98456238624015 13.53001218215177 975.766464291147
 2.44077655012276 11.06485044820038 967.057493501823
 1.42979238853357 6.48172359337993 943.13985712875
 1.25969497594058 5.710615549150068 937.662598127625
# name: CellD
# type: matrix
# rows: 6
# columns: 3
 3.27952973985244 19.22384180174587 982.820279140154
 2.93548071297149 17.20710629713002 977.1832934726
 2.31037320553014 13.54287124351624 967.369724999579
 1.89075792886731 11.08318392977198 959.01283719515
 1.10123694505344 6.455195255798403 935.378934412195
 0.982309737276439 5.758071579666929 929.792647678299
# name: CellE
# type: matrix
# rows: 6
# columns: 3
 9.302728090809021 19.76792901529126 995.9126021337401
 8.331467749650519 17.70403923027669 990.492537893836
 6.53832717901267 13.89368648549113 979.247911487991
 5.30746514618111 11.27815338002816 968.764239957021
 3.13572001437289 6.663280926935127 942.420703535005
 2.74558997494663 5.834270033482215 935.7965562870839
# name: CellF
# type: matrix
# rows: 6
# columns: 3
 12.7237717503488 19.96895018996079 1017.8444130535
 11.2920555435441 17.72198520341434 1012.18948517138
 8.89406162983196 13.95852402552625 1002.33848330015
 7.27660571623621 11.42005530675458 992.3769696183321
 4.19159700184005 6.578378910627535 963.689680834747
 3.66736079295864 5.755631776497298 956.91097365879
# name: CellG
# type: matrix
# rows: 6
# columns: 3
 19.4347143498472 20.02346426977129 1032.40405231539
 17.3228062994596 17.84757865464204 1027.88080446419
 13.6051586512718 14.01730960560542 1018.36760527808
 11.071234995292 11.40662395957539 1010.10868997248
 6.43556897686782 6.63052634292896 985.813545852724
 5.64373214186508 5.814701819462742 979.81610705447
# name: CellX
# type: cell
# rows: 1
# columns: 3
# name: <cell-element>
# type: string
# elements: 1
# length: 3
Isc

# name: <cell-element>
# type: sq_string
# elements: 1
# length: 3
Jsc

# name: <cell-element>
# type: sq_string
# elements: 1
# length: 3
Voc

# name: Contact
# type: matrix
# rows: 1
# columns: 7
 0.0294075 0.0294117 0.029403 0.0294117 0.029403 0.0294222 0.029403
# name: Perimeter
# type: matrix
# rows: 1
# columns: 7
 2.25 2.2858 2.4 2.5 3 3.3333 4
# name: TimoTest
# type: sq_string
# elements: 1
# length: 7
ABDCEFG
# name: ans
# type: matrix
# rows: 1
# columns: 3
 1.58353374444252 1.58353374444252 969.653856879833
