# name: k
# type: global scalar
1.3806488e-23
# name: q
# type: global scalar
1.60217646e-19
# name: h
# type: global scalar
6.62606957e-34
# name: c
# type: global scalar
299792458
# name: Tr
# type: global scalar
293
# name: Ts
# type: global scalar
6000
